1024 16
33 1
34 3
35 8
36 5
37 10
38 8
39 1
40 3
41 3
42 5
43 7
44 1
45 3
46 1
47 4
48 6
49 3
50 6
51 6
52 6
53 6
54 6
55 6
56 6
57 6
58 1
59 1
60 6
61 7
62 6
63 5
64 12
65 9
66 7
67 7
68 7
69 7
70 6
71 8
72 7
73 1
74 5
75 8
76 6
77 9
78 7
79 8
80 7
81 8
82 7
83 7
84 7
85 7
86 9
87 13
88 7
89 7
90 7
91 2
92 4
93 2
94 5
95 7
96 2
97 5
98 5
99 5
100 5
101 5
102 4
103 5
104 5
105 1
106 3
107 5
108 1
109 9
110 5
111 5
112 5
113 5
114 3
115 5
116 3
117 5
118 5
119 9
120 5
121 5
122 5
123 3
124 1
125 3
126 7